130 198 204 210 216 222 228 234 240 246 252 258 264 270 276 282 288 294 300 306 312 318 324 330 336 342 348 354 360 366 372 378 384 390 396 402 408 414 420 426 432 438 444 450 456 462 468 474 480 486 492 498 504 510 516 522 528 534 540 546 552 558 564 378 
387 585 594 603 612 621 630 639 648 657 666 675 684 693 702 711 720 729 738 747 756 765 774 783 792 801 810 819 828 837 846 855 864 873 882 891 900 909 918 927 936 945 954 963 972 981 990 999 1008 1017 1026 1035 1044 1053 1062 1071 1080 1089 1098 1107 1116 1125 1134 759 
771 1161 1170 1179 1188 1197 1206 1215 1224 1233 1242 1251 1260 1269 1278 1287 1296 1305 1314 1323 1332 1341 1350 1359 1368 1377 1386 1395 1404 1413 1422 1431 1440 1449 1458 1467 1476 1485 1494 1503 1512 1521 1530 1539 1548 1557 1566 1575 1584 1593 1602 1611 1620 1629 1638 1647 1656 1665 1674 1683 1692 1701 1710 1143 
1155 1737 1746 1755 1764 1773 1782 1791 1800 1809 1818 1827 1836 1845 1854 1863 1872 1881 1890 1899 1908 1917 1926 1935 1944 1953 1962 1971 1980 1989 1998 2007 2016 2025 2034 2043 2052 2061 2070 2079 2088 2097 2106 2115 2124 2133 2142 2151 2160 2169 2178 2187 2196 2205 2214 2223 2232 2241 2250 2259 2268 2277 2286 1527 
1539 2313 2322 2331 2340 2349 2358 2367 2376 2385 2394 2403 2412 2421 2430 2439 2448 2457 2466 2475 2484 2493 2502 2511 2520 2529 2538 2547 2556 2565 2574 2583 2592 2601 2610 2619 2628 2637 2646 2655 2664 2673 2682 2691 2700 2709 2718 2727 2736 2745 2754 2763 2772 2781 2790 2799 2808 2817 2826 2835 2844 2853 2862 1911 
1923 2889 2898 2907 2916 2925 2934 2943 2952 2961 2970 2979 2988 2997 3006 3015 3024 3033 3042 3051 3060 3069 3078 3087 3096 3105 3114 3123 3132 3141 3150 3159 3168 3177 3186 3195 3204 3213 3222 3231 3240 3249 3258 3267 3276 3285 3294 3303 3312 3321 3330 3339 3348 3357 3366 3375 3384 3393 3402 3411 3420 3429 3438 2295 
2307 3465 3474 3483 3492 3501 3510 3519 3528 3537 3546 3555 3564 3573 3582 3591 3600 3609 3618 3627 3636 3645 3654 3663 3672 3681 3690 3699 3708 3717 3726 3735 3744 3753 3762 3771 3780 3789 3798 3807 3816 3825 3834 3843 3852 3861 3870 3879 3888 3897 3906 3915 3924 3933 3942 3951 3960 3969 3978 3987 3996 4005 4014 2679 
2691 4041 4050 4059 4068 4077 4086 4095 4104 4113 4122 4131 4140 4149 4158 4167 4176 4185 4194 4203 4212 4221 4230 4239 4248 4257 4266 4275 4284 4293 4302 4311 4320 4329 4338 4347 4356 4365 4374 4383 4392 4401 4410 4419 4428 4437 4446 4455 4464 4473 4482 4491 4500 4509 4518 4527 4536 4545 4554 4563 4572 4581 4590 3063 
3075 4617 4626 4635 4644 4653 4662 4671 4680 4689 4698 4707 4716 4725 4734 4743 4752 4761 4770 4779 4788 4797 4806 4815 4824 4833 4842 4851 4860 4869 4878 4887 4896 4905 4914 4923 4932 4941 4950 4959 4968 4977 4986 4995 5004 5013 5022 5031 5040 5049 5058 5067 5076 5085 5094 5103 5112 5121 5130 5139 5148 5157 5166 3447 
3459 5193 5202 5211 5220 5229 5238 5247 5256 5265 5274 5283 5292 5301 5310 5319 5328 5337 5346 5355 5364 5373 5382 5391 5400 5409 5418 5427 5436 5445 5454 5463 5472 5481 5490 5499 5508 5517 5526 5535 5544 5553 5562 5571 5580 5589 5598 5607 5616 5625 5634 5643 5652 5661 5670 5679 5688 5697 5706 5715 5724 5733 5742 3831 
3843 5769 5778 5787 5796 5805 5814 5823 5832 5841 5850 5859 5868 5877 5886 5895 5904 5913 5922 5931 5940 5949 5958 5967 5976 5985 5994 6003 6012 6021 6030 6039 6048 6057 6066 6075 6084 6093 6102 6111 6120 6129 6138 6147 6156 6165 6174 6183 6192 6201 6210 6219 6228 6237 6246 6255 6264 6273 6282 6291 6300 6309 6318 4215 
4227 6345 6354 6363 6372 6381 6390 6399 6408 6417 6426 6435 6444 6453 6462 6471 6480 6489 6498 6507 6516 6525 6534 6543 6552 6561 6570 6579 6588 6597 6606 6615 6624 6633 6642 6651 6660 6669 6678 6687 6696 6705 6714 6723 6732 6741 6750 6759 6768 6777 6786 6795 6804 6813 6822 6831 6840 6849 6858 6867 6876 6885 6894 4599 
4611 6921 6930 6939 6948 6957 6966 6975 6984 6993 7002 7011 7020 7029 7038 7047 7056 7065 7074 7083 7092 7101 7110 7119 7128 7137 7146 7155 7164 7173 7182 7191 7200 7209 7218 7227 7236 7245 7254 7263 7272 7281 7290 7299 7308 7317 7326 7335 7344 7353 7362 7371 7380 7389 7398 7407 7416 7425 7434 7443 7452 7461 7470 4983 
4995 7497 7506 7515 7524 7533 7542 7551 7560 7569 7578 7587 7596 7605 7614 7623 7632 7641 7650 7659 7668 7677 7686 7695 7704 7713 7722 7731 7740 7749 7758 7767 7776 7785 7794 7803 7812 7821 7830 7839 7848 7857 7866 7875 7884 7893 7902 7911 7920 7929 7938 7947 7956 7965 7974 7983 7992 8001 8010 8019 8028 8037 8046 5367 
5379 8073 8082 8091 8100 8109 8118 8127 8136 8145 8154 8163 8172 8181 8190 8199 8208 8217 8226 8235 8244 8253 8262 8271 8280 8289 8298 8307 8316 8325 8334 8343 8352 8361 8370 8379 8388 8397 8406 8415 8424 8433 8442 8451 8460 8469 8478 8487 8496 8505 8514 8523 8532 8541 8550 8559 8568 8577 8586 8595 8604 8613 8622 5751 
5763 8649 8658 8667 8676 8685 8694 8703 8712 8721 8730 8739 8748 8757 8766 8775 8784 8793 8802 8811 8820 8829 8838 8847 8856 8865 8874 8883 8892 8901 8910 8919 8928 8937 8946 8955 8964 8973 8982 8991 9000 9009 9018 9027 9036 9045 9054 9063 9072 9081 9090 9099 9108 9117 9126 9135 9144 9153 9162 9171 9180 9189 9198 6135 
6147 9225 9234 9243 9252 9261 9270 9279 9288 9297 9306 9315 9324 9333 9342 9351 9360 9369 9378 9387 9396 9405 9414 9423 9432 9441 9450 9459 9468 9477 9486 9495 9504 9513 9522 9531 9540 9549 9558 9567 9576 9585 9594 9603 9612 9621 9630 9639 9648 9657 9666 9675 9684 9693 9702 9711 9720 9729 9738 9747 9756 9765 9774 6519 
6531 9801 9810 9819 9828 9837 9846 9855 9864 9873 9882 9891 9900 9909 9918 9927 9936 9945 9954 9963 9972 9981 9990 9999 10008 10017 10026 10035 10044 10053 10062 10071 10080 10089 10098 10107 10116 10125 10134 10143 10152 10161 10170 10179 10188 10197 10206 10215 10224 10233 10242 10251 10260 10269 10278 10287 10296 10305 10314 10323 10332 10341 10350 6903 
6915 10377 10386 10395 10404 10413 10422 10431 10440 10449 10458 10467 10476 10485 10494 10503 10512 10521 10530 10539 10548 10557 10566 10575 10584 10593 10602 10611 10620 10629 10638 10647 10656 10665 10674 10683 10692 10701 10710 10719 10728 10737 10746 10755 10764 10773 10782 10791 10800 10809 10818 10827 10836 10845 10854 10863 10872 10881 10890 10899 10908 10917 10926 7287 
7299 10953 10962 10971 10980 10989 10998 11007 11016 11025 11034 11043 11052 11061 11070 11079 11088 11097 11106 11115 11124 11133 11142 11151 11160 11169 11178 11187 11196 11205 11214 11223 11232 11241 11250 11259 11268 11277 11286 11295 11304 11313 11322 11331 11340 11349 11358 11367 11376 11385 11394 11403 11412 11421 11430 11439 11448 11457 11466 11475 11484 11493 11502 7671 
7683 11529 11538 11547 11556 11565 11574 11583 11592 11601 11610 11619 11628 11637 11646 11655 11664 11673 11682 11691 11700 11709 11718 11727 11736 11745 11754 11763 11772 11781 11790 11799 11808 11817 11826 11835 11844 11853 11862 11871 11880 11889 11898 11907 11916 11925 11934 11943 11952 11961 11970 11979 11988 11997 12006 12015 12024 12033 12042 12051 12060 12069 12078 8055 
8067 12105 12114 12123 12132 12141 12150 12159 12168 12177 12186 12195 12204 12213 12222 12231 12240 12249 12258 12267 12276 12285 12294 12303 12312 12321 12330 12339 12348 12357 12366 12375 12384 12393 12402 12411 12420 12429 12438 12447 12456 12465 12474 12483 12492 12501 12510 12519 12528 12537 12546 12555 12564 12573 12582 12591 12600 12609 12618 12627 12636 12645 12654 8439 
8451 12681 12690 12699 12708 12717 12726 12735 12744 12753 12762 12771 12780 12789 12798 12807 12816 12825 12834 12843 12852 12861 12870 12879 12888 12897 12906 12915 12924 12933 12942 12951 12960 12969 12978 12987 12996 13005 13014 13023 13032 13041 13050 13059 13068 13077 13086 13095 13104 13113 13122 13131 13140 13149 13158 13167 13176 13185 13194 13203 13212 13221 13230 8823 
8835 13257 13266 13275 13284 13293 13302 13311 13320 13329 13338 13347 13356 13365 13374 13383 13392 13401 13410 13419 13428 13437 13446 13455 13464 13473 13482 13491 13500 13509 13518 13527 13536 13545 13554 13563 13572 13581 13590 13599 13608 13617 13626 13635 13644 13653 13662 13671 13680 13689 13698 13707 13716 13725 13734 13743 13752 13761 13770 13779 13788 13797 13806 9207 
9219 13833 13842 13851 13860 13869 13878 13887 13896 13905 13914 13923 13932 13941 13950 13959 13968 13977 13986 13995 14004 14013 14022 14031 14040 14049 14058 14067 14076 14085 14094 14103 14112 14121 14130 14139 14148 14157 14166 14175 14184 14193 14202 14211 14220 14229 14238 14247 14256 14265 14274 14283 14292 14301 14310 14319 14328 14337 14346 14355 14364 14373 14382 9591 
9603 14409 14418 14427 14436 14445 14454 14463 14472 14481 14490 14499 14508 14517 14526 14535 14544 14553 14562 14571 14580 14589 14598 14607 14616 14625 14634 14643 14652 14661 14670 14679 14688 14697 14706 14715 14724 14733 14742 14751 14760 14769 14778 14787 14796 14805 14814 14823 14832 14841 14850 14859 14868 14877 14886 14895 14904 14913 14922 14931 14940 14949 14958 9975 
9987 14985 14994 15003 15012 15021 15030 15039 15048 15057 15066 15075 15084 15093 15102 15111 15120 15129 15138 15147 15156 15165 15174 15183 15192 15201 15210 15219 15228 15237 15246 15255 15264 15273 15282 15291 15300 15309 15318 15327 15336 15345 15354 15363 15372 15381 15390 15399 15408 15417 15426 15435 15444 15453 15462 15471 15480 15489 15498 15507 15516 15525 15534 10359 
10371 15561 15570 15579 15588 15597 15606 15615 15624 15633 15642 15651 15660 15669 15678 15687 15696 15705 15714 15723 15732 15741 15750 15759 15768 15777 15786 15795 15804 15813 15822 15831 15840 15849 15858 15867 15876 15885 15894 15903 15912 15921 15930 15939 15948 15957 15966 15975 15984 15993 16002 16011 16020 16029 16038 16047 16056 16065 16074 16083 16092 16101 16110 10743 
10755 16137 16146 16155 16164 16173 16182 16191 16200 16209 16218 16227 16236 16245 16254 16263 16272 16281 16290 16299 16308 16317 16326 16335 16344 16353 16362 16371 16380 16389 16398 16407 16416 16425 16434 16443 16452 16461 16470 16479 16488 16497 16506 16515 16524 16533 16542 16551 16560 16569 16578 16587 16596 16605 16614 16623 16632 16641 16650 16659 16668 16677 16686 11127 
11139 16713 16722 16731 16740 16749 16758 16767 16776 16785 16794 16803 16812 16821 16830 16839 16848 16857 16866 16875 16884 16893 16902 16911 16920 16929 16938 16947 16956 16965 16974 16983 16992 17001 17010 17019 17028 17037 17046 17055 17064 17073 17082 17091 17100 17109 17118 17127 17136 17145 17154 17163 17172 17181 17190 17199 17208 17217 17226 17235 17244 17253 17262 11511 
11523 17289 17298 17307 17316 17325 17334 17343 17352 17361 17370 17379 17388 17397 17406 17415 17424 17433 17442 17451 17460 17469 17478 17487 17496 17505 17514 17523 17532 17541 17550 17559 17568 17577 17586 17595 17604 17613 17622 17631 17640 17649 17658 17667 17676 17685 17694 17703 17712 17721 17730 17739 17748 17757 17766 17775 17784 17793 17802 17811 17820 17829 17838 11895 
11907 17865 17874 17883 17892 17901 17910 17919 17928 17937 17946 17955 17964 17973 17982 17991 18000 18009 18018 18027 18036 18045 18054 18063 18072 18081 18090 18099 18108 18117 18126 18135 18144 18153 18162 18171 18180 18189 18198 18207 18216 18225 18234 18243 18252 18261 18270 18279 18288 18297 18306 18315 18324 18333 18342 18351 18360 18369 18378 18387 18396 18405 18414 12279 
12291 18441 18450 18459 18468 18477 18486 18495 18504 18513 18522 18531 18540 18549 18558 18567 18576 18585 18594 18603 18612 18621 18630 18639 18648 18657 18666 18675 18684 18693 18702 18711 18720 18729 18738 18747 18756 18765 18774 18783 18792 18801 18810 18819 18828 18837 18846 18855 18864 18873 18882 18891 18900 18909 18918 18927 18936 18945 18954 18963 18972 18981 18990 12663 
12675 19017 19026 19035 19044 19053 19062 19071 19080 19089 19098 19107 19116 19125 19134 19143 19152 19161 19170 19179 19188 19197 19206 19215 19224 19233 19242 19251 19260 19269 19278 19287 19296 19305 19314 19323 19332 19341 19350 19359 19368 19377 19386 19395 19404 19413 19422 19431 19440 19449 19458 19467 19476 19485 19494 19503 19512 19521 19530 19539 19548 19557 19566 13047 
13059 19593 19602 19611 19620 19629 19638 19647 19656 19665 19674 19683 19692 19701 19710 19719 19728 19737 19746 19755 19764 19773 19782 19791 19800 19809 19818 19827 19836 19845 19854 19863 19872 19881 19890 19899 19908 19917 19926 19935 19944 19953 19962 19971 19980 19989 19998 20007 20016 20025 20034 20043 20052 20061 20070 20079 20088 20097 20106 20115 20124 20133 20142 13431 
13443 20169 20178 20187 20196 20205 20214 20223 20232 20241 20250 20259 20268 20277 20286 20295 20304 20313 20322 20331 20340 20349 20358 20367 20376 20385 20394 20403 20412 20421 20430 20439 20448 20457 20466 20475 20484 20493 20502 20511 20520 20529 20538 20547 20556 20565 20574 20583 20592 20601 20610 20619 20628 20637 20646 20655 20664 20673 20682 20691 20700 20709 20718 13815 
13827 20745 20754 20763 20772 20781 20790 20799 20808 20817 20826 20835 20844 20853 20862 20871 20880 20889 20898 20907 20916 20925 20934 20943 20952 20961 20970 20979 20988 20997 21006 21015 21024 21033 21042 21051 21060 21069 21078 21087 21096 21105 21114 21123 21132 21141 21150 21159 21168 21177 21186 21195 21204 21213 21222 21231 21240 21249 21258 21267 21276 21285 21294 14199 
14211 21321 21330 21339 21348 21357 21366 21375 21384 21393 21402 21411 21420 21429 21438 21447 21456 21465 21474 21483 21492 21501 21510 21519 21528 21537 21546 21555 21564 21573 21582 21591 21600 21609 21618 21627 21636 21645 21654 21663 21672 21681 21690 21699 21708 21717 21726 21735 21744 21753 21762 21771 21780 21789 21798 21807 21816 21825 21834 21843 21852 21861 21870 14583 
14595 21897 21906 21915 21924 21933 21942 21951 21960 21969 21978 21987 21996 22005 22014 22023 22032 22041 22050 22059 22068 22077 22086 22095 22104 22113 22122 22131 22140 22149 22158 22167 22176 22185 22194 22203 22212 22221 22230 22239 22248 22257 22266 22275 22284 22293 22302 22311 22320 22329 22338 22347 22356 22365 22374 22383 22392 22401 22410 22419 22428 22437 22446 14967 
14979 22473 22482 22491 22500 22509 22518 22527 22536 22545 22554 22563 22572 22581 22590 22599 22608 22617 22626 22635 22644 22653 22662 22671 22680 22689 22698 22707 22716 22725 22734 22743 22752 22761 22770 22779 22788 22797 22806 22815 22824 22833 22842 22851 22860 22869 22878 22887 22896 22905 22914 22923 22932 22941 22950 22959 22968 22977 22986 22995 23004 23013 23022 15351 
15363 23049 23058 23067 23076 23085 23094 23103 23112 23121 23130 23139 23148 23157 23166 23175 23184 23193 23202 23211 23220 23229 23238 23247 23256 23265 23274 23283 23292 23301 23310 23319 23328 23337 23346 23355 23364 23373 23382 23391 23400 23409 23418 23427 23436 23445 23454 23463 23472 23481 23490 23499 23508 23517 23526 23535 23544 23553 23562 23571 23580 23589 23598 15735 
15747 23625 23634 23643 23652 23661 23670 23679 23688 23697 23706 23715 23724 23733 23742 23751 23760 23769 23778 23787 23796 23805 23814 23823 23832 23841 23850 23859 23868 23877 23886 23895 23904 23913 23922 23931 23940 23949 23958 23967 23976 23985 23994 24003 24012 24021 24030 24039 24048 24057 24066 24075 24084 24093 24102 24111 24120 24129 24138 24147 24156 24165 24174 16119 
16131 24201 24210 24219 24228 24237 24246 24255 24264 24273 24282 24291 24300 24309 24318 24327 24336 24345 24354 24363 24372 24381 24390 24399 24408 24417 24426 24435 24444 24453 24462 24471 24480 24489 24498 24507 24516 24525 24534 24543 24552 24561 24570 24579 24588 24597 24606 24615 24624 24633 24642 24651 24660 24669 24678 24687 24696 24705 24714 24723 24732 24741 24750 16503 
16515 24777 24786 24795 24804 24813 24822 24831 24840 24849 24858 24867 24876 24885 24894 24903 24912 24921 24930 24939 24948 24957 24966 24975 24984 24993 25002 25011 25020 25029 25038 25047 25056 25065 25074 25083 25092 25101 25110 25119 25128 25137 25146 25155 25164 25173 25182 25191 25200 25209 25218 25227 25236 25245 25254 25263 25272 25281 25290 25299 25308 25317 25326 16887 
16899 25353 25362 25371 25380 25389 25398 25407 25416 25425 25434 25443 25452 25461 25470 25479 25488 25497 25506 25515 25524 25533 25542 25551 25560 25569 25578 25587 25596 25605 25614 25623 25632 25641 25650 25659 25668 25677 25686 25695 25704 25713 25722 25731 25740 25749 25758 25767 25776 25785 25794 25803 25812 25821 25830 25839 25848 25857 25866 25875 25884 25893 25902 17271 
17283 25929 25938 25947 25956 25965 25974 25983 25992 26001 26010 26019 26028 26037 26046 26055 26064 26073 26082 26091 26100 26109 26118 26127 26136 26145 26154 26163 26172 26181 26190 26199 26208 26217 26226 26235 26244 26253 26262 26271 26280 26289 26298 26307 26316 26325 26334 26343 26352 26361 26370 26379 26388 26397 26406 26415 26424 26433 26442 26451 26460 26469 26478 17655 
17667 26505 26514 26523 26532 26541 26550 26559 26568 26577 26586 26595 26604 26613 26622 26631 26640 26649 26658 26667 26676 26685 26694 26703 26712 26721 26730 26739 26748 26757 26766 26775 26784 26793 26802 26811 26820 26829 26838 26847 26856 26865 26874 26883 26892 26901 26910 26919 26928 26937 26946 26955 26964 26973 26982 26991 27000 27009 27018 27027 27036 27045 27054 18039 
18051 27081 27090 27099 27108 27117 27126 27135 27144 27153 27162 27171 27180 27189 27198 27207 27216 27225 27234 27243 27252 27261 27270 27279 27288 27297 27306 27315 27324 27333 27342 27351 27360 27369 27378 27387 27396 27405 27414 27423 27432 27441 27450 27459 27468 27477 27486 27495 27504 27513 27522 27531 27540 27549 27558 27567 27576 27585 27594 27603 27612 27621 27630 18423 
18435 27657 27666 27675 27684 27693 27702 27711 27720 27729 27738 27747 27756 27765 27774 27783 27792 27801 27810 27819 27828 27837 27846 27855 27864 27873 27882 27891 27900 27909 27918 27927 27936 27945 27954 27963 27972 27981 27990 27999 28008 28017 28026 28035 28044 28053 28062 28071 28080 28089 28098 28107 28116 28125 28134 28143 28152 28161 28170 28179 28188 28197 28206 18807 
18819 28233 28242 28251 28260 28269 28278 28287 28296 28305 28314 28323 28332 28341 28350 28359 28368 28377 28386 28395 28404 28413 28422 28431 28440 28449 28458 28467 28476 28485 28494 28503 28512 28521 28530 28539 28548 28557 28566 28575 28584 28593 28602 28611 28620 28629 28638 28647 28656 28665 28674 28683 28692 28701 28710 28719 28728 28737 28746 28755 28764 28773 28782 19191 
19203 28809 28818 28827 28836 28845 28854 28863 28872 28881 28890 28899 28908 28917 28926 28935 28944 28953 28962 28971 28980 28989 28998 29007 29016 29025 29034 29043 29052 29061 29070 29079 29088 29097 29106 29115 29124 29133 29142 29151 29160 29169 29178 29187 29196 29205 29214 29223 29232 29241 29250 29259 29268 29277 29286 29295 29304 29313 29322 29331 29340 29349 29358 19575 
19587 29385 29394 29403 29412 29421 29430 29439 29448 29457 29466 29475 29484 29493 29502 29511 29520 29529 29538 29547 29556 29565 29574 29583 29592 29601 29610 29619 29628 29637 29646 29655 29664 29673 29682 29691 29700 29709 29718 29727 29736 29745 29754 29763 29772 29781 29790 29799 29808 29817 29826 29835 29844 29853 29862 29871 29880 29889 29898 29907 29916 29925 29934 19959 
19971 29961 29970 29979 29988 29997 30006 30015 30024 30033 30042 30051 30060 30069 30078 30087 30096 30105 30114 30123 30132 30141 30150 30159 30168 30177 30186 30195 30204 30213 30222 30231 30240 30249 30258 30267 30276 30285 30294 30303 30312 30321 30330 30339 30348 30357 30366 30375 30384 30393 30402 30411 30420 30429 30438 30447 30456 30465 30474 30483 30492 30501 30510 20343 
20355 30537 30546 30555 30564 30573 30582 30591 30600 30609 30618 30627 30636 30645 30654 30663 30672 30681 30690 30699 30708 30717 30726 30735 30744 30753 30762 30771 30780 30789 30798 30807 30816 30825 30834 30843 30852 30861 30870 30879 30888 30897 30906 30915 30924 30933 30942 30951 30960 30969 30978 30987 30996 31005 31014 31023 31032 31041 31050 31059 31068 31077 31086 20727 
20739 31113 31122 31131 31140 31149 31158 31167 31176 31185 31194 31203 31212 31221 31230 31239 31248 31257 31266 31275 31284 31293 31302 31311 31320 31329 31338 31347 31356 31365 31374 31383 31392 31401 31410 31419 31428 31437 31446 31455 31464 31473 31482 31491 31500 31509 31518 31527 31536 31545 31554 31563 31572 31581 31590 31599 31608 31617 31626 31635 31644 31653 31662 21111 
21123 31689 31698 31707 31716 31725 31734 31743 31752 31761 31770 31779 31788 31797 31806 31815 31824 31833 31842 31851 31860 31869 31878 31887 31896 31905 31914 31923 31932 31941 31950 31959 31968 31977 31986 31995 32004 32013 32022 32031 32040 32049 32058 32067 32076 32085 32094 32103 32112 32121 32130 32139 32148 32157 32166 32175 32184 32193 32202 32211 32220 32229 32238 21495 
21507 32265 32274 32283 32292 32301 32310 32319 32328 32337 32346 32355 32364 32373 32382 32391 32400 32409 32418 32427 32436 32445 32454 32463 32472 32481 32490 32499 32508 32517 32526 32535 32544 32553 32562 32571 32580 32589 32598 32607 32616 32625 32634 32643 32652 32661 32670 32679 32688 32697 32706 32715 32724 32733 32742 32751 32760 32769 32778 32787 32796 32805 32814 21879 
21891 32841 32850 32859 32868 32877 32886 32895 32904 32913 32922 32931 32940 32949 32958 32967 32976 32985 32994 33003 33012 33021 33030 33039 33048 33057 33066 33075 33084 33093 33102 33111 33120 33129 33138 33147 33156 33165 33174 33183 33192 33201 33210 33219 33228 33237 33246 33255 33264 33273 33282 33291 33300 33309 33318 33327 33336 33345 33354 33363 33372 33381 33390 22263 
22275 33417 33426 33435 33444 33453 33462 33471 33480 33489 33498 33507 33516 33525 33534 33543 33552 33561 33570 33579 33588 33597 33606 33615 33624 33633 33642 33651 33660 33669 33678 33687 33696 33705 33714 33723 33732 33741 33750 33759 33768 33777 33786 33795 33804 33813 33822 33831 33840 33849 33858 33867 33876 33885 33894 33903 33912 33921 33930 33939 33948 33957 33966 22647 
22659 33993 34002 34011 34020 34029 34038 34047 34056 34065 34074 34083 34092 34101 34110 34119 34128 34137 34146 34155 34164 34173 34182 34191 34200 34209 34218 34227 34236 34245 34254 34263 34272 34281 34290 34299 34308 34317 34326 34335 34344 34353 34362 34371 34380 34389 34398 34407 34416 34425 34434 34443 34452 34461 34470 34479 34488 34497 34506 34515 34524 34533 34542 23031 
23043 34569 34578 34587 34596 34605 34614 34623 34632 34641 34650 34659 34668 34677 34686 34695 34704 34713 34722 34731 34740 34749 34758 34767 34776 34785 34794 34803 34812 34821 34830 34839 34848 34857 34866 34875 34884 34893 34902 34911 34920 34929 34938 34947 34956 34965 34974 34983 34992 35001 35010 35019 35028 35037 35046 35055 35064 35073 35082 35091 35100 35109 35118 23415 
23427 35145 35154 35163 35172 35181 35190 35199 35208 35217 35226 35235 35244 35253 35262 35271 35280 35289 35298 35307 35316 35325 35334 35343 35352 35361 35370 35379 35388 35397 35406 35415 35424 35433 35442 35451 35460 35469 35478 35487 35496 35505 35514 35523 35532 35541 35550 35559 35568 35577 35586 35595 35604 35613 35622 35631 35640 35649 35658 35667 35676 35685 35694 23799 
23811 35721 35730 35739 35748 35757 35766 35775 35784 35793 35802 35811 35820 35829 35838 35847 35856 35865 35874 35883 35892 35901 35910 35919 35928 35937 35946 35955 35964 35973 35982 35991 36000 36009 36018 36027 36036 36045 36054 36063 36072 36081 36090 36099 36108 36117 36126 36135 36144 36153 36162 36171 36180 36189 36198 36207 36216 36225 36234 36243 36252 36261 36270 24183 
16002 24006 24012 24018 24024 24030 24036 24042 24048 24054 24060 24066 24072 24078 24084 24090 24096 24102 24108 24114 24120 24126 24132 24138 24144 24150 24156 24162 24168 24174 24180 24186 24192 24198 24204 24210 24216 24222 24228 24234 24240 24246 24252 24258 24264 24270 24276 24282 24288 24294 24300 24306 24312 24318 24324 24330 24336 24342 24348 24354 24360 24366 24372 16250 
